<?xml version="1.0" encoding="UTF-8"?>
<map version="1.0" orientation="orthogonal" width="30" height="30" tilewidth="32" tileheight="32" backgroundcolor="#d8f8d8">
 <tileset firstgid="1" name="tileset_day" tilewidth="32" tileheight="32">
  <image source="../image/tileset/tileset_day.png" width="1952" height="2720"/>
 </tileset>
 <layer name="Main" width="30" height="30">
  <data encoding="csv">
172,172,172,172,172,172,172,172,172,172,172,172,172,172,172,172,172,172,172,172,172,172,172,172,172,172,172,172,172,172,
233,233,233,233,233,233,1879,1880,1881,233,233,233,233,233,233,233,233,233,233,233,233,233,233,233,233,233,233,233,233,233,
172,172,172,172,172,172,1940,1941,1942,491,491,491,491,491,491,491,491,491,491,491,491,491,491,491,491,491,491,491,491,172,
233,233,233,233,233,233,656,657,658,49,98,98,98,98,98,98,98,98,98,98,98,98,98,98,98,98,98,491,491,233,
172,172,172,172,172,172,717,718,719,49,98,98,98,98,98,98,98,98,98,98,98,98,98,98,98,98,98,98,491,172,
233,233,233,233,233,233,96,96,96,96,96,96,96,96,96,96,96,96,96,96,96,96,98,98,98,98,98,98,491,233,
172,172,491,491,491,172,172,172,172,172,96,96,96,96,108,108,108,108,491,491,491,491,96,96,98,98,98,491,491,172,
233,233,491,491,491,233,233,233,233,233,172,172,172,108,108,108,108,108,108,491,491,491,491,157,98,98,98,98,491,233,
172,172,491,491,491,491,491,172,172,172,233,233,233,108,108,168,155,155,155,170,491,491,96,96,98,98,98,98,98,172,
233,233,491,491,491,491,491,233,233,233,2123,2124,2124,2125,108,215,216,216,216,217,491,491,96,98,98,98,98,98,98,233,
172,172,491,491,491,491,491,491,491,491,2184,2185,2185,2186,108,276,277,338,277,278,96,96,96,98,98,98,98,98,98,172,
233,233,491,491,491,491,491,491,491,491,839,840,841,842,108,108,491,491,491,96,96,98,98,98,98,98,98,1879,1880,1881,
172,172,491,491,491,491,491,491,491,491,662,663,663,664,108,108,108,108,96,96,98,98,98,98,98,98,98,1940,1941,1942,
233,233,491,491,491,98,98,98,98,98,723,600,599,725,108,108,96,96,96,98,98,98,98,98,98,98,49,656,657,658,
172,172,491,491,491,98,98,98,98,98,98,98,98,98,96,96,96,98,98,98,98,98,98,98,98,98,49,717,718,719,
233,233,491,98,98,98,98,98,98,98,98,98,98,98,98,98,98,98,98,98,98,98,98,98,98,98,98,98,98,98,
172,172,491,98,98,98,98,98,98,98,98,98,98,98,98,98,98,98,98,98,98,98,98,98,886,887,887,887,889,98,
233,233,491,491,98,98,98,98,98,98,98,98,98,98,98,98,98,98,98,98,98,51,52,52,896,897,646,898,899,52,
172,172,491,491,98,98,98,98,98,98,98,98,98,98,98,98,98,98,98,98,98,112,98,98,98,98,98,48,98,172,
233,233,491,491,491,98,98,98,98,98,886,887,887,887,889,98,98,98,98,98,98,112,98,98,98,98,98,98,98,233,
172,172,491,491,491,98,98,98,98,98,896,897,646,898,899,98,98,98,98,98,98,98,98,98,98,98,98,98,98,172,
233,233,491,491,491,491,491,98,98,98,98,98,98,48,98,98,98,98,98,98,98,112,98,98,98,98,98,98,98,233,
172,172,491,491,491,491,491,491,98,98,98,98,98,98,98,98,98,98,98,886,887,887,887,889,98,98,98,98,98,172,
233,233,491,491,491,491,491,491,491,491,491,491,98,98,98,98,98,98,98,896,897,646,898,899,98,98,98,98,98,233,
172,172,172,172,172,172,491,491,491,491,491,491,491,491,98,98,98,98,98,98,112,98,48,98,98,98,98,98,98,172,
233,233,233,233,233,233,491,491,491,491,491,491,491,491,491,491,491,98,98,98,112,98,98,98,98,98,98,98,107,233,
172,172,172,172,172,172,172,172,172,172,172,172,172,172,172,172,491,491,491,98,112,98,98,98,98,98,107,107,57,172,
233,233,233,233,233,233,233,233,233,233,233,233,233,233,233,233,491,491,491,98,112,98,98,98,98,107,107,107,118,233,
172,172,172,172,172,172,172,172,172,172,172,172,172,172,172,172,172,172,172,172,172,172,172,172,172,172,172,172,172,172,
233,233,233,233,233,233,233,233,233,233,233,233,233,233,233,233,233,233,233,233,233,233,233,233,233,233,233,233,233,233
</data>
 </layer>
</map>